-5.55522251129, -78.0946426392
-5.6045589447, -76.0952529907
-5.65389585495, -74.0958633423
-5.7032327652, -72.0964736938
-5.75256967545, -70.0970840454
-5.80190658569, -68.0976867676
-5.8512430191, -66.0982971191
-5.90058040619, -64.0989074707
-5.9499168396, -62.0995178223
-5.99925374985, -60.1001243591
-6.0485906601, -58.100730896
-6.09792757034, -56.1013412476
-6.14726448059, -54.1019515991
-6.196600914, -52.102558136
-6.24593830109, -50.1031684875
-6.2952747345, -48.1037750244
-6.36755275726, -45.1746673584
-6.36755275726, -45.1746673584
-6.41689443588, -43.1752738953
-6.48555040359, -41.2125473022
-6.59461021423, -39.2516517639
-6.74402952194, -37.2934150696
-6.93373203278, -35.3386726379
-7.36802387238, -31.8898887634
-7.36802387238, -31.8898887634
-7.72233915329, -29.6295280457
-7.72233915329, -29.6295280457
-8.09558773041, -27.8206977844
-8.64391708374, -26.0881538391
-9.36908340454, -24.4218673706
-10.2632579803, -22.8398342133
-11.3167819977, -21.3591384888
-12.5182800293, -19.9957695007
-13.8547773361, -18.7644500732
-15.4319067001, -17.4637641907
-16.9655208588, -16.0033931732
-18.4262752533, -14.4568881989
-19.7622241974, -12.7516593933
-20.9295558929, -10.9268598557
-21.9176425934, -8.99910354614
-22.7174873352, -6.98594522476
-23.3218097687, -4.90571546555
-23.8716659546, -1.45243799686
-23.8716659546, -1.45243799686
-18.9867782593, 7.72161865234
-18.9867782593, 7.72161865234
-17.2256717682, 11.0237770081
-17.2256717682, 11.0237770081
-15.8806343079, 12.8086557388
-15.8806343079, 12.8086557388
-14.613284111, 14.1658811569
-13.2490501404, 15.4824113846
-11.8224849701, 16.6322135925
-10.2928199768, 17.6408119202
-8.67398548126, 18.4990139008
-6.98072147369, 19.199010849
-5.22844791412, 19.7344303131
-1.92199802399, 20.2730140686
-1.92199802399, 20.2730140686
11.921131134, 20.1261348724
11.921131134, 20.1261348724
13.6757173538, 18.8557071686
15.3478393555, 17.3785057068
15.3478393555, 17.3785057068
16.8106746674, 15.901227951
18.1814994812, 14.2944068909
18.1814994812, 14.2944068909
19.4260826111, 12.5213947296
20.4960041046, 10.6378269196
21.381526947, 8.6608581543
22.0745811462, 6.60848426819
22.5688591003, 4.49939727783
22.9450550079, 0.556635439396
22.9450550079, 0.556635439396
22.8585205078, -1.60809087753
22.9457435608, 0.379999935627
22.9376335144, -0.226702928543
22.7764892578, -2.38693237305
22.4101753235, -4.52196741104
21.8420295715, -6.61236667633
21.0772247314, -8.63909721375
20.1227245331, -10.5837020874
18.9872207642, -12.4284753799
17.6810512543, -14.1566200256
16.2635364532, -15.7196865082
14.9369373322, -17.1405849457
13.7441663742, -18.5857200623
12.6582717896, -20.1127929688
11.6848583221, -21.7139129639
10.8289585114, -23.3808135986
10.0949878693, -25.1048774719
9.48674106598, -26.8772087097
8.81418895721, -29.5451965332
8.81418895721, -29.5451965332
8.39681243896, -31.6762447357
8.39681243896, -31.6762447357
8.09469890594, -33.5914649963
7.85951757431, -35.5160446167
7.69155359268, -37.4476547241
7.59101772308, -39.3839416504
7.57884979248, -42.8299255371
7.57884979248, -42.8299255371
7.62818622589, -44.8293113708
7.62818622589, -44.8293113708
7.62818622589, -44.8293113708
7.6775226593, -46.8287010193
7.72686004639, -48.8280944824
7.7761964798, -50.8274841309
7.82553339005, -52.826877594
7.87487030029, -54.8262672424
7.92420721054, -56.8256607056
7.97354412079, -58.825050354
8.0228805542, -60.8244438171
8.07221794128, -62.8238334656
8.12155437469, -64.8232192993
8.17089080811, -66.8226165771
8.22022819519, -68.8220062256
8.26956558228, -70.821395874
8.31890201569, -72.8207855225
8.3682384491, -74.8201751709
8.41757583618, -76.8195648193
8.46691226959, -78.8189620972
8.516248703, -80.8183517456
8.56558609009, -82.8177490234
8.61492347717, -84.8171386719
8.66425991058, -86.8165283203
8.71359634399, -88.8159179688
8.76293373108, -90.8153076172
8.81227016449, -92.8146972656
8.8616065979, -94.8140869141
8.91094398499, -96.8134841919
8.96028137207, -98.8128738403
9.00961780548, -100.812271118
9.05895423889, -102.811660767
9.10829162598, -104.811050415
9.15762805939, -106.810440063
9.2069644928, -108.809829712
9.25630187988, -110.80921936
9.30563926697, -112.808616638
9.35497570038, -114.808006287
9.40431213379, -116.807395935
9.45364952087, -118.806785583
9.50298690796, -120.806182861
9.57526493073, -123.735298157
9.57526493073, -123.735298157
9.62460231781, -125.734687805
9.75315189362, -127.498298645
10.1601438522, -129.145019531
10.8435268402, -130.697540283
11.7828931808, -132.109649658
12.8961248398, -133.190155029
14.2451219559, -133.956298828
15.7433376312, -134.358932495
19.1364040375, -134.361572266
19.1364040375, -134.361572266
21.1359462738, -134.318740845
23.1354885101, -134.275894165
25.1350269318, -134.233062744
27.1345691681, -134.190231323
29.1341114044, -134.147384644
31.1336536407, -134.104553223
33.133190155, -134.061721802
35.1327323914, -134.018875122
37.1322746277, -133.976043701
39.1318130493, -133.93321228
41.1313552856, -133.890365601
43.130897522, -133.84753418
45.1304397583, -133.804702759
47.1299819946, -133.761871338
49.1295204163, -133.719024658
51.1290626526, -133.676193237
53.1286010742, -133.633361816
55.1281433105, -133.590515137
57.1276855469, -133.547683716
59.1272277832, -133.504852295
61.1267700195, -133.462005615
63.1263084412, -133.419174194
65.1258468628, -133.376342773
67.1253890991, -133.333496094
70.7645645142, -133.25553894
70.7645568848, -133.25553894
72.7640991211, -133.21270752
74.5011138916, -133.087051392
76.0897598267, -132.651000977
77.5601806641, -131.908157349
78.8537979126, -130.888122559
79.9189910889, -129.631546021
80.7133026123, -128.188446045
81.2050933838, -126.61631012
81.3747634888, -124.977798462
81.2802124023, -122.129142761
81.2802124023, -122.129142761
81.2095718384, -120.130393982
81.1389312744, -118.131637573
81.0682907104, -116.132888794
80.9976501465, -114.134132385
80.9270095825, -112.135383606
80.8563690186, -110.136627197
80.7857284546, -108.137878418
80.7150878906, -106.139129639
80.6444473267, -104.14037323
80.5738067627, -102.141624451
80.5031661987, -100.142868042
80.4325256348, -98.1441192627
80.3618850708, -96.145362854
80.2912445068, -94.1466140747
80.2206039429, -92.147857666
80.1499633789, -90.1491088867
80.0793228149, -88.1503601074
79.9564056396, -84.6725311279
79.9564056396, -84.6725311279
79.8857650757, -82.6737823486
79.8151245117, -80.6750259399
79.7444839478, -78.6762771606
79.6738433838, -76.677520752
79.6032028198, -74.6787719727
79.5325622559, -72.680015564
79.4619216919, -70.6812667847
79.3912811279, -68.682510376
79.320640564, -66.6837615967
79.25, -64.6850128174
79.25, -64.6850128174
79.179359436, -62.6862564087
79.1087188721, -60.6875038147
79.0380783081, -58.6887512207
78.9674377441, -56.6899986267
78.8967971802, -54.6912498474
78.8261566162, -52.6924972534
78.7555160522, -50.6937446594
78.6848754883, -48.6949920654
78.6142349243, -46.6962394714
78.5435943604, -44.6974906921
78.4729537964, -42.6987342834
78.4023132324, -40.6999855042
78.3316726685, -38.7012290955
78.2610321045, -36.7024803162
78.1903915405, -34.7037277222
78.1197509766, -32.7049751282
78.0491104126, -30.7062244415
77.9784698486, -28.7074718475
77.9078292847, -26.7087230682
77.8371887207, -24.7099704742
77.7665481567, -22.7112178802
77.6959075928, -20.7124652863
77.5952377319, -17.8642406464
77.5952377319, -17.8642406464
77.524597168, -15.8654880524
77.4476776123, -13.9630146027
77.1167755127, -12.4307670593
76.4243011475, -11.024438858
75.4115524292, -9.82793235779
74.0894775391, -8.85778427124
72.5667266846, -8.11214637756
70.9384613037, -7.6394238472
69.2531585693, -7.45369720459
67.3203887939, -7.47536230087
64.6776123047, -7.51483917236
64.6776123047, -7.51483917236
62.6778259277, -7.54471111298
60.6780509949, -7.57458257675
58.678276062, -7.60445451736
56.6784973145, -7.63432645798
54.6787185669, -7.66419839859
52.678943634, -7.69406986237
